74
74
200
225
46
481
481
372
372
173
168
168
168
168
152
460
275
23
23
502
243
142
499
370
411
289
469
469
115
115
47
427
427
20
20
290
290
290
123
136
136
496
70
70
549
412
26
505
196
463
135
294
8
8
8
8
8
8
8
8
8
486
535
420
318
169
452
450
450
509
301
301
227
227
227
227
227
227
35
509
461
461
461
461
193
272
272
86
86
256
13
506
395
395
504
286
286
320
369
342
555
221
357
357
195
382
371
525
337
516
180
180
59
59
59
59
385
421
503
503
503
503
380
238
167
167
295
52
52
358
358
531
345
531
358
358
422
446
358
550
189
189
386
85
388
361
11
428
77
413
287
557
557
557
557
557
27
261
557
317
470
470
470
470
470
336
250
250
470
274
274
542
542
470
470
470
470
470
470
442
442
134
134
134
134
134
134
134
91
268
454
134
134
134
134
134
108
108
108
134
134
134
134
134
134
133
133
133
133
133
532
532
390
390
390
433
433
154
154
433
433
117
478
478
30
30
552
552
552
552
552
552
552
552
552
552
367
367
246
246
246
246
242
242
399
177
242
242
242
21
21
99
367
99
99
99
99
99
233
233
233
233
547
344
344
197
197
197
99
365
365
365
365
285
285
285
377
42
42
42
42
251
251
251
251
251
528
528
223
223
223
223
223
223
25
25
25
25
457
457
389
389
389
389
389
326
326
389
523
19
19
151
151
447
116
116
346
346
267
488
488
222
406
402
4
406
406
407
407
407
43
332
43
405
405
210
405
405
51
319
271
362
362
362
500
373
54
451
258
252
518
110
110
110
172
500
82
82
82
82
82
82
82
147
170
15
15
15
415
415
512
512
512
512
512
512
512
199
199
199
199
199
199
305
305
296
296
545
545
291
68
259
536
93
417
417
543
53
202
435
55
394
540
350
360
257
209
352
178
192
66
533
455
381
32
113
553
257
321
541
245
65
28
171
165
81
198
207
97
368
368
392
312
310
63
207
352
281
44
284
408
322
124
475
311
335
89
515
124
66
354
139
284
292
165
513
548
139
304
495
65
338
376
207
181
526
162
165
352
149
280
327
90
106
262
348
249
122
140
458
18
87
409
219
37
409
343
69
112
443
526
484
140
530
473
9
276
185
186
76
479
83
374
98
94
149
209
57
474
165
355
352
3
410
339
284
392
78
216
140
392
67
163
476
526
65
511
353
145
383
192
466
270
475
497
188
58
354
445
0
36
473
278
28
33
179
540
127
148
87
166
230
45
313
201
38
323
476
88
171
216
527
209
321
183
34
410
325
554
38
401
329
322
178
368
366
201
473
56
416
494
60
265
158
315
214
489
138
6
161
79
475
239
394
176
141
121
424
186
187
429
229
553
92
300
2
297
104
160
352
260
520
92
474
435
533
181
554
207
144
79
184
316
76
494
126
456
352
375
107
254
214
403
132
432
419
32
140
521
335
40
473
473
467
278
155
299
73
9
304
403
491
119
308
309
229
352
548
232
263
277
352
409
282
409
359
207
310
185
323
396
311
157
205
302
12
524
181
400
333
513
79
247
312
48
159
465
129
409
229
92
264
206
490
458
57
164
220
449
248
273
114
553
510
50
34
438
145
240
140
109
214
324
551
456
218
443
38
150
485
408
61
368
458
96
207
16
494
32
203
384
138
391
125
12
522
22
408
87
458
279
492
434
351
548
515
288
368
32
321
5
352
544
425
546
462
156
527
517
391
497
456
494
418
441
171
33
234
368
213
254
487
146
98
254
229
130
424
198
309
414
363
393
181
138
334
297
340
165
72
6
97
138
310
71
493
182
32
190
347
498
264
489
178
507
368
208
204
284
263
255
235
137
306
341
244
278
352
280
226
127
228
473
464
45
443
50
235
465
527
215
349
397
537
383
174
266
241
194
228
376
459
335
7
14
464
191
489
409
149
7
330
368
445
71
87
141
471
445
491
165
237
283
175
38
165
527
38
31
95
396
37
101
304
309
410
207
356
231
538
396
416
297
44
445
211
498
55
228
343
368
491
192
1
292
118
519
497
408
514
217
514
120
307
323
269
139
408
482
325
131
211
328
96
90
479
39
331
520
430
41
556
84
444
398
253
423
143
437
437
480
64
17
534
49
100
364
314
314
153
153
298
298
426
426
10
426
426
472
105
483
483
379
379
379
379
379
379
436
80
508
453
303
303
303
303
224
439
103
103
212
62
102
387
440
448
236
529
448
501
212
111
293
24
29
431
128
539
404
404
378
75
468
75
75
75
75
75
404
477